

Software Version	3.02.1



Experiment File Path:	C:\Users\Hartmann-Lab\Desktop\McKenna\Experiment2.xpt
Protocol File Path:	C:\Users\Public\Documents\Protocols\McKenna_nutrients.prt



Plate Number	Plate 1
Date	10/12/2021
Time	3:13:28 PM
Reader Type:	Synergy HTX
Reader Serial Number:	Unknown
Reading Type	Reader

Procedure Details

Plate Type	96 WELL PLATE
Eject plate on completion	
Read	AB540
	Absorbance Endpoint
	Full Plate
	Wavelengths:  540
	Read Speed: Normal,  Delay: 100 msec,  Measurements/Data Point: 8
Read	AB880
	Absorbance Endpoint
	Full Plate
	Wavelengths:  880
	Read Speed: Normal,  Delay: 100 msec,  Measurements/Data Point: 8
Read	AB660
	Absorbance Endpoint
	Full Plate
	Wavelengths:  660
	Read Speed: Normal,  Delay: 100 msec,  Measurements/Data Point: 8



Actual Temperature:	22.7



Actual Temperature:	22.7



Actual Temperature:	22.7

Results
	1	2	3	4	5	6	7	8	9	10	11	12
A	0.035	0.052	0.044	0.082	0.044	0.044	0.043	0.044	0.045	0.044	0.046	0.051	AB540:540
	0.049	0.047	0.061	0.051	0.044	0.043	0.042	0.043	0.045	0.044	0.045	0.046	AB880:880
	0.034	0.034	0.043	0.042	0.042	0.042	0.041	0.042	0.043	0.043	0.044	0.047	AB660:660
B	0.036	0.171	0.038	0.056	0.045	0.044	0.045	0.045	0.045	0.044	0.045	0.043	AB540:540
	0.053	0.048	0.054	0.048	0.043	0.043	0.044	0.043	0.044	0.043	0.043	0.044	AB880:880
	0.035	0.035	0.039	0.035	0.042	0.042	0.043	0.043	0.043	0.043	0.043	0.042	AB660:660
C	0.035	0.297	0.039	0.524	0.046	0.045	0.046	0.046	0.046	0.045	0.045	0.045	AB540:540
	0.049	0.047	0.053	0.049	0.045	0.045	0.044	0.044	0.044	0.044	0.044	0.042	AB880:880
	0.034	0.035	0.038	0.036	0.044	0.044	0.044	0.043	0.043	0.043	0.043	0.042	AB660:660
D	0.035	0.627	0.039	0.380	0.048	0.045	0.048	0.047	0.047	0.046	0.044	0.048	AB540:540
	0.052	0.048	0.053	0.049	0.046	0.044	0.045	0.045	0.045	0.045	0.044	0.047	AB880:880
	0.036	0.036	0.038	0.035	0.045	0.042	0.045	0.044	0.044	0.043	0.042	0.047	AB660:660
E	0.034	1.068	0.038	0.185	0.048	0.047	0.045	0.049	0.047	0.045	0.045	0.044	AB540:540
	0.052	0.048	0.054	0.048	0.045	0.046	0.044	0.047	0.045	0.044	0.044	0.043	AB880:880
	0.035	0.036	0.037	0.035	0.044	0.044	0.043	0.047	0.044	0.043	0.042	0.043	AB660:660
F	0.036	1.990	0.038	0.545	0.045	0.045	0.046	0.045	0.048	0.046	0.045	0.044	AB540:540
	0.052	0.048	0.052	0.048	0.044	0.044	0.044	0.044	0.046	0.045	0.045	0.043	AB880:880
	0.035	0.039	0.037	0.035	0.042	0.043	0.043	0.043	0.045	0.043	0.043	0.043	AB660:660
G	0.037	3.571	0.037	0.479	0.047	0.045	0.044	0.045	0.044	0.045	0.044	0.043	AB540:540
	0.053	0.048	0.052	0.048	0.046	0.044	0.043	0.043	0.043	0.043	0.043	0.043	AB880:880
	0.037	0.047	0.036	0.035	0.045	0.043	0.042	0.043	0.042	0.043	0.043	0.041	AB660:660
H	0.046	0.045	0.049	0.044	0.044	0.044	0.045	0.044	0.043	0.044	0.044	0.044	AB540:540
	0.043	0.044	0.049	0.042	0.043	0.044	0.045	0.044	0.043	0.044	0.044	0.042	AB880:880
	0.044	0.043	0.048	0.041	0.042	0.042	0.043	0.042	0.042	0.042	0.042	0.042	AB660:660

